========================================
  RDT协议实验数据摘要报告
========================================




========================================
实验一：协议5性能研究
========================================

实验组A：超时间隔对性能的影响
----------------------------------------
超时间隔 效率(%) 重传帧数 超时次数 发送帧数
20         36       16303      2329       25855     
30         43       12341      1763       22025     
40         45       10689      1527       19804     
50         48       9051       1293       17554     
60         46       8239       1177       15569     
80         46       6559       937        12244     
100        46       5495       785        10305     
120        45       4753       679        8772      
150        47       3815       545        7216      

实验组B：丢包率对性能的影响
----------------------------------------
丢包率 效率(%) 重传帧数 超时次数 发送帧数
0%       71       5194       742        18382     
5%       57       7560       1080       18006     
10%      46       9352       1336       17570     
15%      37       10752      1536       17335     
20%      30       11753      1679       16915     
25%      25       12376      1768       16612     
30%      22       12649      1807       16374     

实验组C：校验和错误率对性能的影响
----------------------------------------
校验和错误率 效率(%) 重传帧数 超时次数 发送帧数
0%             55       8120       1160       18100     
5%             48       9002       1286       17579     
10%            39       10360      1480       17058     
15%            34       10983      1569       16742     
20%            28       11788      1684       16528     
25%            24       12355      1765       16322     

========================================
实验二：协议5与协议6性能对比
========================================

实验组D：不同丢包率下的对比
----------------------------------------
丢包率 P5效率(%) P6效率(%) P5重传 P6重传 P5超时 P6超时
0%       72         93         5054     267      722      270     
5%       61         85         6909     1068     987      1068    
10%      47         77         9233     1848     1319     1846    
15%      38         69         10591    2724     1513     2724    
20%      30         62         11732    3399     1676     3399    
25%      25         56         12432    3977     0        3977    
30%      21         51         12754    4464     1822     4464    

实验组E：不同超时间隔下的对比
----------------------------------------
超时间隔 P5效率(%) P6效率(%) P5重传 P6重传 P5超时 P6超时
20         36         72         16394    3436     2342     3436    
30         45         77         12005    2214     1715     2214    
40         46         77         10549    2120     1507     2120    
50         45         77         9443     1945     1349     1945    
60         47         77         8204     1830     1172     915     
80         47         77         6531     1515     933      1515    
100        48         78         5327     1270     761      0       

========================================
报告生成完成
========================================
